Sample	Reads num. of raw reads	Bases num. of raw reads (bp)	Reads num. of cleaned reads	Bases num. of cleaned reads (bp)
lane8-s460-index-GGTTCAGC-PDAC_UW153045_S460_L008	0	0	6644572	978968813
lane8-s468-index-TGGTTGAC-CLYC_UW159763_S468_L008	0	0	25334	3680003
lane7-s428-index-AACCTAGA-LFUC_UW155026_S428_L007	0	0	10062074	1481014274
lane8-s483-index-CGATCGGA-CBOW_UW116034_S483_L008	0	0	11531682	1700050336
lane7-s420-index-GTTAAGTT-LTUN_UW154464_S420_L007	0	0	7264988	1061809402
lane7-s400-index-AACCAGAA-PMEN_UW150606_S400_L007	0	0	12807036	1877767087
lane7-s405-index-AACGAAGT-CFUR_UW150838_S405_L007	0	0	11558394	1689412710
lane7-s413-index-CCGATCCT-CSPM_UW155719_S413_L007	0	0	13518	1859400
lane7-s406-index-AGAACGAC-ETRE_UW150845-2_S406_L007	0	0	9988164	1450808383
lane7-s395-index-GCTTCTCC-PULO_UW119776_S395_L007	0	0	5481394	809307231
lane8-s477-index-GGAATTGG-CSPA_UW158306_S477_L008	0	0	18132534	2668501621
lane7-s426-index-TAGTTAGG-PDAC_UW154897_S426_L007	0	0	10071868	1479636706
lane7-s386-index-GGCTTGAA-CSTA_UW119196_S386_L007	0	0	16870468	2492213116
lane7-s430-index-AGTTGAAC-CSPA_UW155710_S430_L007	0	0	14283112	2098029783
lane7-s394-index-GATGCCTC-ECAU_UW119593-2_S394_L007	0	0	8837266	1297829189
lane8-s458-index-GCGATACG-CCAN_UW152005_S458_L008	0	0	6598914	978912105
lane8-s450-index-ATTATCGA-RATT_UW116039_S450_L008	0	0	6084094	905903117
lane8-s476-index-CCTGCCAA-RBAR_UW157184_S476_L008	0	0	10791198	1595119918
lane8-s459-index-GGTAGAAT-CAMB_UW152101_S459_L008	0	0	22950596	3379609689
lane8-s470-index-CAATTGAG-PCEP_UW153529_S470_L008	0	0	17646096	2605972557
lane8-s465-index-GAACGTAT-LGIB_UW153834_S465_L008	0	0	18395356	2713885223
lane7-s418-index-CAGACCTT-CMEL_UW153307-2_S418_L007	0	0	12250118	1800336062
lane7-s407-index-CTGGATAA-ETRE_UW150845-3_S407_L007	0	0	11970088	1744653120
lane7-s425-index-CGACGCCT-CGIL_UW154885_S425_L007	0	0	12312254	1821773667
lane7-s412-index-GGTTAGTC-CSCO_UW151304_S412_L007	0	0	7790800	1146853767
lane7-s401-index-CAACGAGG-CECT_UW150772_S401_L007	0	0	10767886	1574572574
lane8-s471-index-GGTACCAA-CSPA_UW154503_S471_L008	0	0	15897870	2347772546
lane7-s419-index-TAGCAGCC-PROS_UW153323_S419_L007	0	0	13870904	2041631906
lane8-s479-index-CGCGACTC-COST_UW49435_S479_L008	0	0	8950676	1296283488
lane7-s410-index-CCAGCTGG-EORB_UW151223_S410_L007	0	0	8840166	1292127767
lane8-s452-index-CCATAGTC-LNAN_UW119179-2_S452_L008	0	0	8395624	1240431129
lane8-s480-index-CTTCGTTA-CCOM_UW113669_S480_L008	0	0	12676248	1875691448
lane8-s441-index-AGAACCGG-LGRE_UW112669_S441_L008	0	0	15123630	2221145559
lane8-s472-index-GGTAGTTG-NPEL_UW155470_S472_L008	0	0	13323470	1965566028
lane8-s447-index-GGTCGGCG-LCAL_UW158059_S447_L008	0	0	2331010	341148566
lane8-s437-index-TTAGGATG-LSIM_UW44502_S437_L008	0	0	6548754	966919942
lane7-s387-index-GCTGGTCA-CSTA_UW155711_S387_L007	0	0	10533438	1559096856
lane8-s469-index-AACGCATC-CCUR_UW153150_S469_L008	0	0	16420138	2414932542
lane8-s481-index-TGGCGACG-PMEN_UW115470_S481_L008	0	0	7486604	1107659850
lane7-s398-index-ATAGGTAT-LFLE_UW119829_S398_L007	0	0	10608274	1549026482
lane7-s417-index-GAACGCTG-PHOL_UW153155_S417_L007	0	0	9054732	1327923714
lane7-s390-index-GCCTAACT-PGRA_UW119304_S390_L007	0	0	6813368	995567864
lane8-s443-index-TCAGTAGT-CFAU_UW117078_S443_L008	0	0	14087346	2076022936
lane8-s448-index-GTCTTGGC-CAMB_UW158238_S448_L008	0	0	4097514	598354095
lane7-s434-index-AACCATGC-LOCH_UW49438_S434_L007	0	0	8231864	1211551883
lane8-s454-index-AACGACTA-LFLO_UW151666_S454_L008	0	0	15110444	2223599626
lane7-s414-index-GACGTACG-PALB_UW151419_S414_L007	0	0	6656658	979775691
lane8-s464-index-CCAACCAG-CECT_UW153151_S464_L008	0	0	15521186	2286306635
lane7-s431-index-GCTCTGCT-PGRA_UW155715_S431_L007	0	0	5254176	775531491
lane8-s457-index-TCGTTCGA-CPHA_UW151261_S457_L008	0	0	16112192	2375272676
lane7-s422-index-AACCGAAC-CSIM_UW154482-3_S422_L007	0	0	10951592	1612266707
lane7-s432-index-ATCAAGCA-LCAL_UW157321_S432_L007	0	0	13099708	1927753629
lane7-s415-index-CAACCTCT-LMAR_UW153127_S415_L007	0	0	10399436	1524663103
lane8-s482-index-TTGGCTCC-LPUL_UW115848_S482_L008	0	0	12365246	1827870071
lane8-s474-index-CTATTCAT-AJOR_UW155714_S474_L008	0	0	17968780	2653971659
lane7-s402-index-TTGATCCA-AUNA_UW150790_S402_L007	0	0	12955528	1890531726
lane7-s429-index-CTTGAGTC-LDEN_UW155676-5_S429_L007	0	0	18013892	2648211084
lane8-s462-index-CCGGCGAC-LFAB_UW153118_S462_L008	0	0	15828244	2331628901
lane7-s391-index-GAACCGTT-CFUR_UW119389-2_S391_L007	0	0	10799970	1583782473
lane8-s455-index-TTATCGTC-LCYC_UW151759_S455_L008	0	0	11459758	1691788573
lane8-s456-index-CCATCTTA-LTUN_UW153126_S456_L008	0	0	12014412	1764607982
lane8-s440-index-GATGATAA-AUNG_UW111933_S440_L008	0	0	9426488	1392072656
lane8-s475-index-TGGTCCTG-CFAU_UW156084_S475_L008	0	0	14132302	2088004974
lane8-s445-index-TTCGTCGG-CCYP_UW117988_S445_L008	0	0	12963572	1903469940
lane8-s461-index-TGGTAATT-LMAR_UW153108_S461_L008	0	0	19626356	2884264550
lane7-s397-index-CGTTGCGG-EORB_UW119821_S397_L007	0	0	9122726	1333151857
lane7-s403-index-AACCTGCC-AUNA_UW150804_S403_L007	0	0	13393178	1962471930
lane7-s393-index-AGTACTGA-ECAU_UW119593_S393_L007	0	0	9912920	1445171203
lane8-s446-index-TTCGATGA-PGAR_UW118897_S446_L008	0	0	18224376	2673324972
lane7-s424-index-TCAATGCT-CMEL_UW154677_S424_L007	0	0	11225564	1655754890
lane7-s408-index-AACCAACG-CCYC_UW150847_S408_L007	0	0	14723416	2163285948
lane7-s388-index-GCCAGGTT-CCYP_UW119289_S388_L007	0	0	9449326	1384164463
lane7-s416-index-CCTTGAAT-AJOR_UW153152_S416_L007	0	0	10548092	1548812090
lane7-s423-index-AACGGCGC-PPEC_UW153526-2_S423_L007	0	0	16947356	2498491258
lane8-s463-index-ATGACTGC-LFAB_UW153122_S463_L008	0	0	8322988	1222443752
lane7-s421-index-CCATATAG-CSIM_UW154482-2_S421_L007	0	0	12635624	1861696071
lane8-s478-index-TTACTTCT-AOPE_UW159762_S478_L008	0	0	2869442	423741293
lane8-s438-index-ATTGATTA-LCUR_UW44503-3_S438_L008	0	0	10850190	1590448225
lane7-s427-index-TGGACGCA-CGIL_UW154932_S427_L007	0	0	14095356	2082939338
lane8-s453-index-CTGAGCAT-LNAN_UW119179-3_S453_L008	0	0	17842218	2630940876
lane7-s399-index-CGAATATT-CMEL_UW150588_S399_L007	0	0	15445416	2270118510
lane7-s433-index-TTGGCAGA-LFLE_UW159752_S433_L007	0	0	10457790	1540861171
lane8-s466-index-AACCGGTT-LGIB_UW153834-2_S466_L008	0	0	15824086	2333265472
lane8-s467-index-TCATGAAG-CAMB_UW154478_S467_L008	0	0	13976292	2059585734
lane7-s389-index-TTGCGCGC-CBOW_UW119291_S389_L007	0	0	8363328	1226882375
lane8-s442-index-GTTGCAAC-PPTY_UW116036_S442_L008	0	0	4158220	611920963
lane8-s449-index-AACCGCCA-CIAC_FAKU145603_S449_L008	0	0	9515290	1407310223
lane7-s385-index-TCTATTCG-PPEN_UW119192_S385_L007	0	0	6028844	879357311
lane8-s473-index-AACGATAG-LDEN_UW155676-4_S473_L008	0	0	13789430	2033530155
lane7-s409-index-ACGAACTT-CCYC_UW151026_S409_L007	0	0	6487818	805129445
lane8-s439-index-GCGTTAGC-LCUR_UW44504_S439_L008	0	0	10108388	1494218628
lane7-s392-index-ACCAACCG-CCOL_UW119446-3_S392_L007	0	0	8998662	1310181828
lane8-s451-index-TGGTATGA-PCOP_UW118898_S451_L008	0	0	10958398	1616972758
lane7-s396-index-AACCTCAG-PULO_UW119777_S396_L007	0	0	8794432	1293569732
lane7-s404-index-GTTCAATA-ATAN_UW150813_S404_L007	0	0	11613768	1703829994
lane8-s444-index-TGGAGTAC-CLER_UW117918_S444_L008	0	0	12204098	1791955350
lane7-s411-index-CCTCGACG-CSCO_UW151302_S411_L007	0	0	12214420	1792197069
