
SUMMARISING RUN PARAMETERS
==========================
Input filename: 0_raw/0_raw/lane8-s446-index-TTCGATGA-PGAR_UW118897_S446_L008_R1.fq
Trimming mode: paired-end
Trim Galore version: 0.6.6
Cutadapt version: 3.4
Number of cores used for trimming: 1
Quality Phred score cutoff: 20
Quality encoding type selected: ASCII+33
Adapter sequence: 'AGATCGGAAGAGCACACGTCTGAACTCCAGTCAC' (user defined)
Maximum trimming error rate: 0.1 (default)
Optional adapter 2 sequence (only used for read 2 of paired-end files): 'AGATCGGAAGAGCGTCGTGTAGGGAAAGAGTGT'
Minimum required adapter overlap (stringency): 1 bp
Minimum required sequence length for both reads before a sequence pair gets removed: 20 bp


This is cutadapt 3.4 with Python 3.9.6
Command line parameters: -j 1 -e 0.1 -q 20 -O 1 -a AGATCGGAAGAGCACACGTCTGAACTCCAGTCAC 0_raw/0_raw/lane8-s446-index-TTCGATGA-PGAR_UW118897_S446_L008_R1.fq
Processing reads on 1 core in single-end mode ...
Finished in 91.03 s (9 µs/read; 6.46 M reads/minute).

=== Summary ===

Total reads processed:               9,793,538
Reads with adapters:                 3,101,104 (31.7%)
Reads written (passing filters):     9,793,538 (100.0%)

Total basepairs processed: 1,478,824,238 bp
Quality-trimmed:              13,821,042 bp (0.9%)
Total written (filtered):  1,459,899,907 bp (98.7%)

=== Adapter 1 ===

Sequence: AGATCGGAAGAGCACACGTCTGAACTCCAGTCAC; Type: regular 3'; Length: 34; Trimmed: 3101104 times

No. of allowed errors:
1-9 bp: 0; 10-19 bp: 1; 20-29 bp: 2; 30-34 bp: 3

Bases preceding removed adapters:
  A: 25.5%
  C: 30.9%
  G: 32.0%
  T: 11.6%
  none/other: 0.0%

Overview of removed sequences
length	count	expect	max.err	error counts
1	2091905	2448384.5	0	2091905
2	741174	612096.1	0	741174
3	211150	153024.0	0	211150
4	42534	38256.0	0	42534
5	1616	9564.0	0	1616
6	287	2391.0	0	287
7	89	597.8	0	89
8	95	149.4	0	95
9	139	37.4	0	46 93
10	211	9.3	1	82 129
11	124	2.3	1	54 70
12	137	0.6	1	72 65
13	201	0.1	1	155 46
14	104	0.0	1	59 45
15	96	0.0	1	59 37
16	182	0.0	1	146 36
17	66	0.0	1	34 32
18	91	0.0	1	55 36
19	234	0.0	1	187 46 1
20	76	0.0	2	30 32 14
21	81	0.0	2	45 24 12
22	102	0.0	2	46 39 17
23	92	0.0	2	44 26 22
24	85	0.0	2	40 30 15
25	104	0.0	2	52 39 13
26	51	0.0	2	23 18 10
27	61	0.0	2	30 22 9
28	96	0.0	2	49 31 14 2
29	73	0.0	2	30 23 15 5
30	274	0.0	3	184 54 19 17
31	92	0.0	3	42 26 14 10
32	422	0.0	3	313 81 23 5
33	59	0.0	3	19 18 9 13
34	91	0.0	3	34 36 16 5
35	116	0.0	3	45 32 25 14
36	270	0.0	3	184 63 18 5
37	127	0.0	3	48 42 24 13
38	97	0.0	3	49 23 10 15
39	81	0.0	3	39 20 13 9
40	93	0.0	3	34 33 13 13
41	103	0.0	3	38 42 15 8
42	137	0.0	3	63 33 27 14
43	172	0.0	3	99 37 20 16
44	50	0.0	3	21 20 2 7
45	43	0.0	3	16 15 9 3
46	54	0.0	3	25 18 8 3
47	71	0.0	3	36 18 8 9
48	174	0.0	3	91 41 30 12
49	131	0.0	3	39 62 23 7
50	64	0.0	3	32 16 11 5
51	121	0.0	3	82 24 9 6
52	117	0.0	3	61 35 14 7
53	114	0.0	3	54 23 17 20
54	79	0.0	3	30 21 19 9
55	185	0.0	3	99 47 21 18
56	67	0.0	3	36 15 7 9
57	85	0.0	3	35 28 12 10
58	78	0.0	3	43 20 10 5
59	90	0.0	3	42 26 12 10
60	66	0.0	3	29 16 11 10
61	68	0.0	3	41 18 3 6
62	73	0.0	3	36 29 3 5
63	77	0.0	3	37 20 15 5
64	102	0.0	3	47 26 15 14
65	176	0.0	3	72 48 30 26
66	115	0.0	3	45 23 25 22
67	96	0.0	3	37 29 18 12
68	126	0.0	3	76 27 16 7
69	113	0.0	3	50 35 10 18
70	106	0.0	3	52 28 13 13
71	134	0.0	3	64 38 18 14
72	124	0.0	3	55 38 18 13
73	135	0.0	3	63 41 21 10
74	209	0.0	3	98 55 39 17
75	276	0.0	3	108 98 43 27
76	616	0.0	3	388 143 61 24
77	569	0.0	3	371 112 55 31
78	423	0.0	3	226 105 66 26
79	267	0.0	3	131 83 35 18
80	153	0.0	3	81 47 16 9
81	101	0.0	3	63 24 8 6
82	58	0.0	3	31 14 7 6
83	48	0.0	3	22 15 7 4
84	54	0.0	3	23 11 12 8
85	41	0.0	3	21 10 8 2
86	51	0.0	3	21 13 14 3
87	41	0.0	3	21 8 9 3
88	57	0.0	3	40 12 3 2
89	52	0.0	3	22 14 10 6
90	50	0.0	3	22 13 12 3
91	45	0.0	3	15 13 9 8
92	52	0.0	3	22 16 6 8
93	48	0.0	3	14 15 10 9
94	41	0.0	3	19 12 8 2
95	40	0.0	3	17 12 5 6
96	69	0.0	3	29 24 8 8
97	46	0.0	3	25 9 3 9
98	44	0.0	3	21 8 6 9
99	32	0.0	3	11 12 4 5
100	56	0.0	3	30 10 11 5
101	61	0.0	3	30 22 5 4
102	51	0.0	3	28 14 6 3
103	53	0.0	3	25 15 7 6
104	54	0.0	3	30 13 4 7
105	64	0.0	3	31 17 8 8
106	40	0.0	3	21 13 3 3
107	48	0.0	3	21 17 4 6
108	32	0.0	3	14 9 6 3
109	33	0.0	3	15 7 5 6
110	33	0.0	3	14 11 4 4
111	43	0.0	3	18 11 10 4
112	47	0.0	3	26 13 6 2
113	33	0.0	3	14 9 9 1
114	31	0.0	3	14 10 4 3
115	30	0.0	3	18 7 2 3
116	26	0.0	3	14 5 4 3
117	35	0.0	3	12 14 3 6
118	21	0.0	3	10 7 2 2
119	68	0.0	3	23 25 14 6
120	42	0.0	3	18 10 6 8
121	45	0.0	3	17 14 8 6
122	18	0.0	3	8 4 5 1
123	28	0.0	3	10 8 4 6
124	28	0.0	3	13 10 1 4
125	24	0.0	3	11 5 5 3
126	23	0.0	3	9 8 3 3
127	18	0.0	3	10 6 2
128	21	0.0	3	10 5 4 2
129	12	0.0	3	4 6 2
130	22	0.0	3	14 3 3 2
131	6	0.0	3	2 3 1
132	9	0.0	3	4 3 1 1
133	5	0.0	3	3 1 1
134	8	0.0	3	7 1
135	6	0.0	3	5 1
136	5	0.0	3	4 1
137	3	0.0	3	1 0 2
138	4	0.0	3	2 0 2
139	2	0.0	3	1 1
140	2	0.0	3	2
141	2	0.0	3	0 2
142	1	0.0	3	1
145	1	0.0	3	0 1
146	2	0.0	3	1 0 0 1
151	1	0.0	3	0 0 1

RUN STATISTICS FOR INPUT FILE: 0_raw/0_raw/lane8-s446-index-TTCGATGA-PGAR_UW118897_S446_L008_R1.fq
=============================================
9793538 sequences processed in total

