
SUMMARISING RUN PARAMETERS
==========================
Input filename: 0_raw/0_raw/lane8-s453-index-CTGAGCAT-LNAN_UW119179-3_S453_L008_R1.fq
Trimming mode: paired-end
Trim Galore version: 0.6.6
Cutadapt version: 3.4
Number of cores used for trimming: 1
Quality Phred score cutoff: 20
Quality encoding type selected: ASCII+33
Adapter sequence: 'AGATCGGAAGAGCACACGTCTGAACTCCAGTCAC' (user defined)
Maximum trimming error rate: 0.1 (default)
Optional adapter 2 sequence (only used for read 2 of paired-end files): 'AGATCGGAAGAGCGTCGTGTAGGGAAAGAGTGT'
Minimum required adapter overlap (stringency): 1 bp
Minimum required sequence length for both reads before a sequence pair gets removed: 20 bp


This is cutadapt 3.4 with Python 3.9.6
Command line parameters: -j 1 -e 0.1 -q 20 -O 1 -a AGATCGGAAGAGCACACGTCTGAACTCCAGTCAC 0_raw/0_raw/lane8-s453-index-CTGAGCAT-LNAN_UW119179-3_S453_L008_R1.fq
Processing reads on 1 core in single-end mode ...
Finished in 88.64 s (9 µs/read; 6.50 M reads/minute).

=== Summary ===

Total reads processed:               9,609,118
Reads with adapters:                 3,034,214 (31.6%)
Reads written (passing filters):     9,609,118 (100.0%)

Total basepairs processed: 1,450,976,818 bp
Quality-trimmed:              13,369,350 bp (0.9%)
Total written (filtered):  1,432,249,725 bp (98.7%)

=== Adapter 1 ===

Sequence: AGATCGGAAGAGCACACGTCTGAACTCCAGTCAC; Type: regular 3'; Length: 34; Trimmed: 3034214 times

No. of allowed errors:
1-9 bp: 0; 10-19 bp: 1; 20-29 bp: 2; 30-34 bp: 3

Bases preceding removed adapters:
  A: 29.1%
  C: 31.0%
  G: 29.9%
  T: 10.1%
  none/other: 0.0%

Overview of removed sequences
length	count	expect	max.err	error counts
1	1908917	2402279.5	0	1908917
2	800183	600569.9	0	800183
3	245989	150142.5	0	245989
4	58058	37535.6	0	58058
5	5920	9383.9	0	5920
6	1269	2346.0	0	1269
7	547	586.5	0	547
8	79	146.6	0	79
9	199	36.7	0	49 150
10	168	9.2	1	68 100
11	128	2.3	1	73 55
12	238	0.6	1	130 108
13	104	0.1	1	66 38
14	108	0.0	1	69 39
15	68	0.0	1	41 27
16	81	0.0	1	54 27
17	99	0.0	1	72 27
18	126	0.0	1	80 46
19	63	0.0	1	36 21 6
20	89	0.0	2	56 24 9
21	92	0.0	2	45 21 26
22	75	0.0	2	38 18 19
23	86	0.0	2	43 27 16
24	95	0.0	2	49 32 14
25	92	0.0	2	44 31 17
26	58	0.0	2	41 12 5
27	95	0.0	2	51 26 18
28	101	0.0	2	49 26 25 1
29	68	0.0	2	39 18 10 1
30	117	0.0	3	59 27 16 15
31	71	0.0	3	33 19 10 9
32	84	0.0	3	45 14 21 4
33	72	0.0	3	39 12 11 10
34	81	0.0	3	37 14 16 14
35	98	0.0	3	37 29 20 12
36	142	0.0	3	42 31 35 34
37	120	0.0	3	46 35 20 19
38	92	0.0	3	37 30 15 10
39	93	0.0	3	35 26 20 12
40	96	0.0	3	44 23 16 13
41	128	0.0	3	58 32 19 19
42	128	0.0	3	73 26 18 11
43	147	0.0	3	97 23 13 14
44	65	0.0	3	29 22 10 4
45	53	0.0	3	30 11 6 6
46	78	0.0	3	35 22 18 3
47	101	0.0	3	40 28 16 17
48	85	0.0	3	41 27 8 9
49	111	0.0	3	61 23 18 9
50	81	0.0	3	37 16 13 15
51	109	0.0	3	56 28 14 11
52	108	0.0	3	60 24 16 8
53	118	0.0	3	56 22 25 15
54	149	0.0	3	82 25 25 17
55	105	0.0	3	57 21 15 12
56	79	0.0	3	35 23 11 10
57	74	0.0	3	34 23 9 8
58	101	0.0	3	49 21 20 11
59	108	0.0	3	55 26 12 15
60	114	0.0	3	47 25 27 15
61	132	0.0	3	60 29 24 19
62	79	0.0	3	48 10 14 7
63	102	0.0	3	47 27 18 10
64	149	0.0	3	63 33 21 32
65	294	0.0	3	105 68 71 50
66	235	0.0	3	96 64 44 31
67	124	0.0	3	64 21 23 16
68	128	0.0	3	58 31 24 15
69	160	0.0	3	78 30 34 18
70	151	0.0	3	81 36 23 11
71	170	0.0	3	80 45 31 14
72	144	0.0	3	78 26 23 17
73	170	0.0	3	84 44 21 21
74	230	0.0	3	106 65 44 15
75	349	0.0	3	165 100 49 35
76	893	0.0	3	582 168 91 52
77	763	0.0	3	499 149 72 43
78	454	0.0	3	296 89 42 27
79	307	0.0	3	202 60 35 10
80	189	0.0	3	111 42 24 12
81	112	0.0	3	65 24 16 7
82	86	0.0	3	43 24 12 7
83	83	0.0	3	41 20 14 8
84	54	0.0	3	29 16 5 4
85	66	0.0	3	38 14 9 5
86	58	0.0	3	29 14 8 7
87	54	0.0	3	23 10 12 9
88	62	0.0	3	29 18 4 11
89	46	0.0	3	25 13 4 4
90	70	0.0	3	39 15 9 7
91	71	0.0	3	35 18 5 13
92	72	0.0	3	40 17 10 5
93	59	0.0	3	23 16 16 4
94	73	0.0	3	36 15 13 9
95	48	0.0	3	25 10 5 8
96	67	0.0	3	39 14 11 3
97	61	0.0	3	29 17 7 8
98	60	0.0	3	30 14 9 7
99	68	0.0	3	39 13 11 5
100	58	0.0	3	27 16 12 3
101	56	0.0	3	24 14 8 10
102	65	0.0	3	29 18 11 7
103	60	0.0	3	35 11 7 7
104	55	0.0	3	28 16 8 3
105	41	0.0	3	21 8 6 6
106	40	0.0	3	18 9 4 9
107	51	0.0	3	25 11 8 7
108	50	0.0	3	22 19 8 1
109	44	0.0	3	23 12 4 5
110	49	0.0	3	24 12 8 5
111	63	0.0	3	29 11 13 10
112	56	0.0	3	29 15 9 3
113	38	0.0	3	23 10 4 1
114	45	0.0	3	21 11 10 3
115	49	0.0	3	25 11 6 7
116	31	0.0	3	13 9 2 7
117	46	0.0	3	21 17 4 4
118	47	0.0	3	27 9 6 5
119	43	0.0	3	20 11 5 7
120	38	0.0	3	18 9 3 8
121	46	0.0	3	22 10 8 6
122	59	0.0	3	33 17 5 4
123	33	0.0	3	15 11 5 2
124	30	0.0	3	13 8 5 4
125	34	0.0	3	17 9 7 1
126	15	0.0	3	6 6 1 2
127	19	0.0	3	12 3 3 1
128	15	0.0	3	8 3 3 1
129	28	0.0	3	16 3 7 2
130	22	0.0	3	10 6 4 2
131	21	0.0	3	14 4 3
132	11	0.0	3	7 2 2
133	15	0.0	3	9 2 3 1
134	7	0.0	3	4 1 2
135	5	0.0	3	3 2
136	13	0.0	3	7 4 1 1
137	6	0.0	3	3 2 1
138	5	0.0	3	4 1
139	3	0.0	3	2 0 0 1
140	3	0.0	3	2 0 0 1
141	1	0.0	3	1
146	1	0.0	3	1
147	1	0.0	3	1

RUN STATISTICS FOR INPUT FILE: 0_raw/0_raw/lane8-s453-index-CTGAGCAT-LNAN_UW119179-3_S453_L008_R1.fq
=============================================
9609118 sequences processed in total

