
SUMMARISING RUN PARAMETERS
==========================
Input filename: 0_raw/0_raw/lane8-s477-index-GGAATTGG-CSPA_UW158306_S477_L008_R1.fq
Trimming mode: paired-end
Trim Galore version: 0.6.6
Cutadapt version: 3.4
Number of cores used for trimming: 1
Quality Phred score cutoff: 20
Quality encoding type selected: ASCII+33
Adapter sequence: 'AGATCGGAAGAGCACACGTCTGAACTCCAGTCAC' (user defined)
Maximum trimming error rate: 0.1 (default)
Optional adapter 2 sequence (only used for read 2 of paired-end files): 'AGATCGGAAGAGCGTCGTGTAGGGAAAGAGTGT'
Minimum required adapter overlap (stringency): 1 bp
Minimum required sequence length for both reads before a sequence pair gets removed: 20 bp


This is cutadapt 3.4 with Python 3.9.6
Command line parameters: -j 1 -e 0.1 -q 20 -O 1 -a AGATCGGAAGAGCACACGTCTGAACTCCAGTCAC 0_raw/0_raw/lane8-s477-index-GGAATTGG-CSPA_UW158306_S477_L008_R1.fq
Processing reads on 1 core in single-end mode ...
Finished in 86.12 s (9 µs/read; 6.75 M reads/minute).

=== Summary ===

Total reads processed:               9,691,423
Reads with adapters:                 2,865,970 (29.6%)
Reads written (passing filters):     9,691,423 (100.0%)

Total basepairs processed: 1,463,404,873 bp
Quality-trimmed:              13,655,574 bp (0.9%)
Total written (filtered):  1,444,904,708 bp (98.7%)

=== Adapter 1 ===

Sequence: AGATCGGAAGAGCACACGTCTGAACTCCAGTCAC; Type: regular 3'; Length: 34; Trimmed: 2865970 times

No. of allowed errors:
1-9 bp: 0; 10-19 bp: 1; 20-29 bp: 2; 30-34 bp: 3

Bases preceding removed adapters:
  A: 28.5%
  C: 32.4%
  G: 26.8%
  T: 12.4%
  none/other: 0.0%

Overview of removed sequences
length	count	expect	max.err	error counts
1	1928627	2422855.8	0	1928627
2	683018	605713.9	0	683018
3	196189	151428.5	0	196189
4	32987	37857.1	0	32987
5	11201	9464.3	0	11201
6	1030	2366.1	0	1030
7	116	591.5	0	116
8	80	147.9	0	80
9	193	37.0	0	45 148
10	260	9.2	1	53 207
11	1064	2.3	1	50 1014
12	83	0.6	1	49 34
13	79	0.1	1	46 33
14	71	0.0	1	39 32
15	67	0.0	1	45 22
16	43	0.0	1	28 15
17	65	0.0	1	44 21
18	76	0.0	1	49 26 1
19	47	0.0	1	22 23 2
20	57	0.0	2	26 19 12
21	95	0.0	2	38 31 26
22	69	0.0	2	28 30 11
23	75	0.0	2	46 16 13
24	68	0.0	2	35 17 16
25	86	0.0	2	48 19 19
26	41	0.0	2	17 18 6
27	83	0.0	2	44 23 16
28	93	0.0	2	47 33 12 1
29	81	0.0	2	39 25 16 1
30	72	0.0	3	35 23 7 7
31	79	0.0	3	30 26 12 11
32	103	0.0	3	39 26 21 17
33	55	0.0	3	21 12 9 13
34	100	0.0	3	32 30 22 16
35	106	0.0	3	43 30 19 14
36	91	0.0	3	37 27 14 13
37	65	0.0	3	23 21 15 6
38	81	0.0	3	39 18 14 10
39	65	0.0	3	27 15 13 10
40	90	0.0	3	41 21 13 15
41	102	0.0	3	45 24 23 10
42	125	0.0	3	53 47 13 12
43	86	0.0	3	46 24 11 5
44	50	0.0	3	26 10 10 4
45	45	0.0	3	19 11 10 5
46	51	0.0	3	26 13 9 3
47	88	0.0	3	48 17 16 7
48	73	0.0	3	35 20 14 4
49	94	0.0	3	39 21 16 18
50	71	0.0	3	32 18 12 9
51	95	0.0	3	43 17 22 13
52	61	0.0	3	30 10 11 10
53	98	0.0	3	37 20 26 15
54	110	0.0	3	43 32 33 2
55	100	0.0	3	53 28 11 8
56	82	0.0	3	37 17 16 12
57	78	0.0	3	28 23 10 17
58	80	0.0	3	41 12 10 17
59	88	0.0	3	46 23 9 10
60	79	0.0	3	31 22 11 15
61	125	0.0	3	53 36 21 15
62	82	0.0	3	36 22 16 8
63	96	0.0	3	48 19 17 12
64	151	0.0	3	46 43 39 23
65	272	0.0	3	90 77 57 48
66	209	0.0	3	74 57 40 38
67	138	0.0	3	54 35 26 23
68	123	0.0	3	52 34 19 18
69	127	0.0	3	53 33 24 17
70	123	0.0	3	59 35 14 15
71	155	0.0	3	72 32 30 21
72	179	0.0	3	84 46 25 24
73	179	0.0	3	85 46 24 24
74	217	0.0	3	95 61 42 19
75	337	0.0	3	123 109 71 34
76	846	0.0	3	525 180 98 43
77	775	0.0	3	479 169 97 30
78	428	0.0	3	271 95 39 23
79	263	0.0	3	149 65 35 14
80	138	0.0	3	77 40 10 11
81	81	0.0	3	46 11 17 7
82	88	0.0	3	39 24 17 8
83	73	0.0	3	33 21 12 7
84	70	0.0	3	29 23 13 5
85	57	0.0	3	25 10 17 5
86	48	0.0	3	27 10 7 4
87	59	0.0	3	26 12 11 10
88	69	0.0	3	26 21 13 9
89	67	0.0	3	23 18 14 12
90	54	0.0	3	27 8 11 8
91	56	0.0	3	19 17 13 7
92	67	0.0	3	33 14 11 9
93	48	0.0	3	27 13 2 6
94	66	0.0	3	25 16 13 12
95	54	0.0	3	25 12 10 7
96	49	0.0	3	26 10 9 4
97	49	0.0	3	17 13 11 8
98	52	0.0	3	29 10 10 3
99	46	0.0	3	20 12 12 2
100	62	0.0	3	28 17 12 5
101	40	0.0	3	19 3 10 8
102	39	0.0	3	14 16 6 3
103	61	0.0	3	20 18 12 11
104	47	0.0	3	17 9 12 9
105	38	0.0	3	17 13 5 3
106	56	0.0	3	28 14 6 8
107	37	0.0	3	11 12 11 3
108	50	0.0	3	21 10 16 3
109	36	0.0	3	13 11 6 6
110	54	0.0	3	20 15 6 13
111	40	0.0	3	18 11 8 3
112	47	0.0	3	21 8 10 8
113	45	0.0	3	21 11 5 8
114	32	0.0	3	10 8 7 7
115	40	0.0	3	18 13 4 5
116	28	0.0	3	13 9 4 2
117	41	0.0	3	17 9 11 4
118	39	0.0	3	20 3 10 6
119	33	0.0	3	12 6 7 8
120	33	0.0	3	16 6 7 4
121	29	0.0	3	17 6 5 1
122	36	0.0	3	17 7 4 8
123	24	0.0	3	14 3 3 4
124	25	0.0	3	9 3 7 6
125	25	0.0	3	11 5 5 4
126	29	0.0	3	15 8 4 2
127	35	0.0	3	16 13 4 2
128	37	0.0	3	21 6 5 5
129	14	0.0	3	7 3 3 1
130	13	0.0	3	7 4 0 2
131	18	0.0	3	11 2 2 3
132	13	0.0	3	6 2 5
133	14	0.0	3	11 2 0 1
134	5	0.0	3	3 1 1
135	5	0.0	3	1 2 2
136	7	0.0	3	3 3 1
137	1	0.0	3	0 1
138	7	0.0	3	3 1 1 2
139	6	0.0	3	2 0 4
140	3	0.0	3	2 1
141	2	0.0	3	0 2
142	1	0.0	3	1

RUN STATISTICS FOR INPUT FILE: 0_raw/0_raw/lane8-s477-index-GGAATTGG-CSPA_UW158306_S477_L008_R1.fq
=============================================
9691423 sequences processed in total

