
SUMMARISING RUN PARAMETERS
==========================
Input filename: 0_raw/0_raw/lane8-s461-index-TGGTAATT-LMAR_UW153108_S461_L008_R1.fq
Trimming mode: paired-end
Trim Galore version: 0.6.6
Cutadapt version: 3.4
Number of cores used for trimming: 1
Quality Phred score cutoff: 20
Quality encoding type selected: ASCII+33
Adapter sequence: 'AGATCGGAAGAGCACACGTCTGAACTCCAGTCAC' (user defined)
Maximum trimming error rate: 0.1 (default)
Optional adapter 2 sequence (only used for read 2 of paired-end files): 'AGATCGGAAGAGCGTCGTGTAGGGAAAGAGTGT'
Minimum required adapter overlap (stringency): 1 bp
Minimum required sequence length for both reads before a sequence pair gets removed: 20 bp


This is cutadapt 3.4 with Python 3.9.6
Command line parameters: -j 1 -e 0.1 -q 20 -O 1 -a AGATCGGAAGAGCACACGTCTGAACTCCAGTCAC 0_raw/0_raw/lane8-s461-index-TGGTAATT-LMAR_UW153108_S461_L008_R1.fq
Processing reads on 1 core in single-end mode ...
Finished in 97.43 s (9 µs/read; 6.52 M reads/minute).

=== Summary ===

Total reads processed:              10,583,350
Reads with adapters:                 3,116,237 (29.4%)
Reads written (passing filters):    10,583,350 (100.0%)

Total basepairs processed: 1,598,085,850 bp
Quality-trimmed:              15,653,642 bp (1.0%)
Total written (filtered):  1,577,360,896 bp (98.7%)

=== Adapter 1 ===

Sequence: AGATCGGAAGAGCACACGTCTGAACTCCAGTCAC; Type: regular 3'; Length: 34; Trimmed: 3116237 times

No. of allowed errors:
1-9 bp: 0; 10-19 bp: 1; 20-29 bp: 2; 30-34 bp: 3

Bases preceding removed adapters:
  A: 28.3%
  C: 33.7%
  G: 25.4%
  T: 12.6%
  none/other: 0.0%

Overview of removed sequences
length	count	expect	max.err	error counts
1	2128689	2645837.5	0	2128689
2	727523	661459.4	0	727523
3	208457	165364.8	0	208457
4	31114	41341.2	0	31114
5	7396	10335.3	0	7396
6	1303	2583.8	0	1303
7	200	646.0	0	200
8	85	161.5	0	85
9	290	40.4	0	86 204
10	247	10.1	1	62 185
11	195	2.5	1	77 118
12	131	0.6	1	72 59
13	90	0.2	1	62 28
14	89	0.0	1	57 32
15	140	0.0	1	100 40
16	56	0.0	1	39 17
17	133	0.0	1	108 25
18	95	0.0	1	63 32
19	52	0.0	1	29 20 3
20	71	0.0	2	36 22 13
21	111	0.0	2	52 44 15
22	78	0.0	2	49 17 12
23	95	0.0	2	57 18 20
24	81	0.0	2	40 24 17
25	113	0.0	2	53 39 21
26	42	0.0	2	23 12 7
27	70	0.0	2	35 23 12
28	109	0.0	2	58 26 25
29	77	0.0	2	38 22 15 2
30	106	0.0	3	45 28 18 15
31	72	0.0	3	32 15 12 13
32	100	0.0	3	49 33 9 9
33	59	0.0	3	24 16 9 10
34	77	0.0	3	28 16 19 14
35	76	0.0	3	24 20 18 14
36	83	0.0	3	35 18 18 12
37	97	0.0	3	37 29 18 13
38	79	0.0	3	31 23 13 12
39	119	0.0	3	48 25 31 15
40	81	0.0	3	35 20 18 8
41	92	0.0	3	42 23 15 12
42	84	0.0	3	36 22 16 10
43	104	0.0	3	59 18 14 13
44	57	0.0	3	22 15 9 11
45	43	0.0	3	19 14 7 3
46	80	0.0	3	36 18 15 11
47	90	0.0	3	38 25 16 11
48	63	0.0	3	31 16 8 8
49	96	0.0	3	47 20 18 11
50	76	0.0	3	37 21 9 9
51	102	0.0	3	45 26 19 12
52	77	0.0	3	34 24 10 9
53	87	0.0	3	42 25 9 11
54	113	0.0	3	48 36 12 17
55	109	0.0	3	45 28 18 18
56	73	0.0	3	31 22 11 9
57	88	0.0	3	28 23 19 18
58	76	0.0	3	31 20 18 7
59	87	0.0	3	39 27 11 10
60	85	0.0	3	34 27 15 9
61	98	0.0	3	42 18 19 19
62	71	0.0	3	37 16 12 6
63	76	0.0	3	33 16 15 12
64	132	0.0	3	43 41 27 21
65	238	0.0	3	93 51 52 42
66	179	0.0	3	62 42 45 30
67	127	0.0	3	47 34 27 19
68	108	0.0	3	56 28 17 7
69	146	0.0	3	74 32 22 18
70	107	0.0	3	57 19 16 15
71	142	0.0	3	65 47 22 8
72	150	0.0	3	68 34 36 12
73	186	0.0	3	86 43 32 25
74	190	0.0	3	90 53 32 15
75	313	0.0	3	135 92 57 29
76	743	0.0	3	444 168 89 42
77	615	0.0	3	370 141 71 33
78	368	0.0	3	227 76 43 22
79	260	0.0	3	155 60 24 21
80	171	0.0	3	98 40 23 10
81	92	0.0	3	50 27 11 4
82	63	0.0	3	34 15 11 3
83	62	0.0	3	24 20 9 9
84	46	0.0	3	17 19 6 4
85	57	0.0	3	31 12 5 9
86	57	0.0	3	19 13 13 12
87	59	0.0	3	29 18 5 7
88	53	0.0	3	24 14 10 5
89	46	0.0	3	24 13 4 5
90	41	0.0	3	18 12 6 5
91	44	0.0	3	19 13 10 2
92	56	0.0	3	25 11 14 6
93	51	0.0	3	17 15 13 6
94	46	0.0	3	19 11 9 7
95	49	0.0	3	25 8 9 7
96	38	0.0	3	21 8 4 5
97	49	0.0	3	15 14 13 7
98	52	0.0	3	14 17 11 10
99	44	0.0	3	18 12 9 5
100	36	0.0	3	11 7 10 8
101	58	0.0	3	27 12 8 11
102	39	0.0	3	14 9 10 6
103	51	0.0	3	19 14 12 6
104	35	0.0	3	19 8 5 3
105	44	0.0	3	21 9 8 6
106	31	0.0	3	9 11 6 5
107	35	0.0	3	13 7 12 3
108	36	0.0	3	17 11 6 2
109	36	0.0	3	15 6 4 11
110	33	0.0	3	15 9 3 6
111	31	0.0	3	12 12 4 3
112	32	0.0	3	11 11 6 4
113	35	0.0	3	10 11 12 2
114	30	0.0	3	13 12 4 1
115	34	0.0	3	16 8 6 4
116	36	0.0	3	16 12 4 4
117	39	0.0	3	17 9 6 7
118	43	0.0	3	24 6 9 4
119	22	0.0	3	10 2 4 6
120	31	0.0	3	12 12 5 2
121	33	0.0	3	10 8 7 8
122	31	0.0	3	12 7 4 8
123	38	0.0	3	12 13 7 6
124	15	0.0	3	8 4 2 1
125	21	0.0	3	8 5 6 2
126	26	0.0	3	9 8 6 3
127	18	0.0	3	10 5 0 3
128	15	0.0	3	7 4 4
129	18	0.0	3	7 5 2 4
130	9	0.0	3	3 3 2 1
131	8	0.0	3	2 3 3
132	8	0.0	3	3 3 1 1
133	6	0.0	3	6
134	6	0.0	3	2 2 1 1
135	7	0.0	3	5 2
136	9	0.0	3	7 0 2
137	1	0.0	3	1
138	3	0.0	3	2 0 0 1
139	3	0.0	3	3
141	1	0.0	3	1
145	2	0.0	3	1 1
147	1	0.0	3	1
149	1	0.0	3	0 0 0 1
150	2	0.0	3	0 0 0 2

RUN STATISTICS FOR INPUT FILE: 0_raw/0_raw/lane8-s461-index-TGGTAATT-LMAR_UW153108_S461_L008_R1.fq
=============================================
10583350 sequences processed in total

